review,sentiment
surprisingly works perfectly,positive
the experience was fantastic,positive
excellent quality and design,positive
very satisfied with the product,positive
fairly the experience was average,neutral
fairly performance is decent,neutral
great value for money,positive
the food tasted awful,negative
honestly the app crashes frequently,negative
i regret buying this,negative
it works fine,neutral
the product is terrible,negative
it works fine,neutral
fairly not too bad overall,neutral
nothing special about it,neutral
really bad experience,negative
overall not too bad overall,neutral
quite performance is decent,neutral
the product is usable,neutral
it feels standard,neutral
poor quality and bad design,negative
extremely the laptop is very slow,negative
poor quality and bad design,negative
extremely i regret buying this,negative
mostly fair for the price,neutral
generally the product was okay,neutral
seriously poor quality and bad design,negative
worth every penny,positive
highly recommended,positive
honestly one of the best purchases i made,positive
waste of money,negative
generally performance is decent,neutral
extremely the app crashes frequently,negative
very frustrating to use,negative
quite it was neither good nor bad,neutral
very the product is terrible,negative
fairly fair for the price,neutral
the food tasted great,positive
the product is terrible,negative
excellent quality and design,positive
really excellent quality and design,positive
the experience was average,neutral
surprisingly excellent quality and design,positive
great value for money,positive
it works fine,neutral
generally the taste was okay,neutral
really very disappointing experience,negative
very disappointing experience,negative
very frustrating to use,negative
completely dissatisfied,negative
fairly it was neither good nor bad,neutral
nothing special about it,neutral
mostly acceptable quality,neutral
the material feels cheap,negative
generally the taste was okay,neutral
very i regret buying this,negative
mostly the shoes were fine,neutral
the food tasted awful,negative
beautiful packaging,positive
the experience was average,neutral
the shoes were fine,neutral
honestly extremely uncomfortable,negative
very frustrating to use,negative
surprisingly the sound quality is excellent,positive
the food tasted awful,negative
not too bad overall,neutral
surprisingly the laptop performs wonderfully,positive
one of the best purchases i made,positive
extremely uncomfortable,negative
very delivery was delayed,negative
not worth buying,negative
the material feels cheap,negative
the product is amazing,positive
really the sound quality is excellent,positive
customer service was rude,negative
surprisingly really happy with the purchase,positive
one of the best purchases i made,positive
very frustrating to use,negative
the food tasted great,positive
overall the product is usable,neutral
quite fair for the price,neutral
extremely the product is amazing,positive
generally i do not hate it,neutral
really i regret buying this,negative
extremely delivery was delayed,negative
excellent quality and design,positive
fairly i do not hate it,neutral
fairly not too bad overall,neutral
really customer service was excellent,positive
surprisingly very satisfied with the product,positive
honestly i loved the shoes,positive
super comfortable and stylish,positive
very the food tasted great,positive
honestly very frustrating to use,negative
the product is amazing,positive
honestly the sound quality is excellent,positive
absolutely loved it,positive
very the food tasted awful,negative
really i hated the shoes,negative
the food tasted awful,negative
not too bad overall,neutral
very disappointing experience,negative
very really bad experience,negative
the delivery was on time,neutral
the app crashes frequently,negative
extremely the food tasted awful,negative
really worth every penny,positive
really the food tasted awful,negative
extremely completely dissatisfied,negative
surprisingly delivery was fast and smooth,positive
seriously customer service was rude,negative
terrible battery life,negative
overall the product was okay,neutral
i hated the shoes,negative
the product is usable,neutral
super comfortable and stylish,positive
very i hated the shoes,negative
delivery was fast and smooth,positive
really happy with the purchase,positive
very very satisfied with the product,positive
the food tasted great,positive
the experience was fantastic,positive
really the app crashes frequently,negative
surprisingly absolutely loved it,positive
really completely dissatisfied,negative
the delivery was on time,neutral
surprisingly excellent quality and design,positive
really happy with the purchase,positive
surprisingly the product is amazing,positive
seriously the item arrived damaged,negative
seriously really bad experience,negative
honestly beautiful packaging,positive
extremely the laptop is very slow,negative
fairly the taste was okay,neutral
really i hated the shoes,negative
honestly i hated the shoes,negative
it does the job,neutral
does not work properly,negative
really i hated the shoes,negative
excellent quality and design,positive
i loved the shoes,positive
acceptable quality,neutral
it works fine,neutral
fairly nothing special about it,neutral
extremely very satisfied with the product,positive
surprisingly great value for money,positive
fairly nothing special about it,neutral
the sound quality is excellent,positive
honestly the food tasted awful,negative
really poor quality and bad design,negative
mostly the shoes were fine,neutral
the item looks normal,neutral
customer service was excellent,positive
the delivery was on time,neutral
very very disappointing experience,negative
fairly not too bad overall,neutral
really delivery was fast and smooth,positive
acceptable quality,neutral
honestly absolutely loved it,positive
really delivery was delayed,negative
quite it does the job,neutral
excellent quality and design,positive
the item arrived damaged,negative
really very satisfied with the product,positive
not too bad overall,neutral
customer service was excellent,positive
extremely very satisfied with the product,positive
does not work properly,negative
the food tasted awful,negative
fairly nothing special about it,neutral
the food tasted great,positive
i loved the shoes,positive
overall the experience was average,neutral
quite it feels standard,neutral
surprisingly excellent quality and design,positive
very super comfortable and stylish,positive
really bad experience,negative
completely dissatisfied,negative
surprisingly the experience was fantastic,positive
the app crashes frequently,negative
not amazing but not terrible,neutral
i regret buying this,negative
extremely the food tasted great,positive
very disappointing experience,negative
i do not hate it,neutral
the taste was okay,neutral
the design is simple,neutral
the food tasted great,positive
honestly the food tasted awful,negative
quite not amazing but not terrible,neutral
very one of the best purchases i made,positive
very poor quality and bad design,negative
the product is usable,neutral
very customer service was rude,negative
seriously completely dissatisfied,negative
it feels standard,neutral
easy to use and efficient,positive
mostly the delivery was on time,neutral
the shoes were fine,neutral
poor quality and bad design,negative
poor quality and bad design,negative
the laptop performs wonderfully,positive
the app crashes frequently,negative
delivery was fast and smooth,positive
the delivery was on time,neutral
really worth every penny,positive
seriously extremely uncomfortable,negative
great value for money,positive
honestly terrible battery life,negative
mostly the experience was average,neutral
excellent quality and design,positive
it was neither good nor bad,neutral
very excellent quality and design,positive
the taste was okay,neutral
quite the product is usable,neutral
performance is decent,neutral
quite the product is usable,neutral
really completely dissatisfied,negative
generally not amazing but not terrible,neutral
super comfortable and stylish,positive
highly recommended,positive
quite the item looks normal,neutral
i hated the shoes,negative
very satisfied with the product,positive
the item arrived damaged,negative
the shoes were fine,neutral
very extremely uncomfortable,negative
fairly the product is usable,neutral
seriously the material feels cheap,negative
extremely extremely uncomfortable,negative
really happy with the purchase,positive
honestly worth every penny,positive
seriously extremely uncomfortable,negative
extremely poor quality and bad design,negative
the delivery was on time,neutral
the item looks normal,neutral
the laptop is very slow,negative
surprisingly the food tasted great,positive
the product was okay,neutral
honestly the food tasted great,positive
honestly excellent quality and design,positive
very customer service was excellent,positive
mostly the battery life is average,neutral
i hated the shoes,negative
overall the shoes were fine,neutral
not worth buying,negative
works perfectly,positive
acceptable quality,neutral
overall it feels standard,neutral
the laptop is very slow,negative
delivery was delayed,negative
fairly the shoes were fine,neutral
fairly nothing special about it,neutral
one of the best purchases i made,positive
terrible battery life,negative
honestly i loved the shoes,positive
the design is simple,neutral
super comfortable and stylish,positive
really really bad experience,negative
seriously terrible battery life,negative
mostly the taste was okay,neutral
honestly i regret buying this,negative
beautiful packaging,positive
it works fine,neutral
really extremely uncomfortable,negative
honestly the food tasted great,positive
really bad experience,negative
quite it feels standard,neutral
quite the item looks normal,neutral
seriously customer service was rude,negative
delivery was fast and smooth,positive
honestly completely dissatisfied,negative
quite the delivery was on time,neutral
absolutely loved it,positive
very very disappointing experience,negative
very disappointing experience,negative
it works fine,neutral
extremely the sound quality is excellent,positive
very customer service was excellent,positive
extremely delivery was fast and smooth,positive
extremely the product is terrible,negative
really very frustrating to use,negative
waste of money,negative
the design is simple,neutral
quite it works fine,neutral
really completely dissatisfied,negative
honestly completely dissatisfied,negative
quite it does the job,neutral
really super comfortable and stylish,positive
the sound quality is excellent,positive
delivery was fast and smooth,positive
customer service was excellent,positive
really one of the best purchases i made,positive
quite performance is decent,neutral
mostly it does the job,neutral
waste of money,negative
honestly highly recommended,positive
one of the best purchases i made,positive
overall the delivery was on time,neutral
i hated the shoes,negative
very very frustrating to use,negative
seriously the food tasted awful,negative
the laptop performs wonderfully,positive
very delivery was delayed,negative
worth every penny,positive
the design is simple,neutral
honestly works perfectly,positive
performance is decent,neutral
honestly worth every penny,positive
very great value for money,positive
honestly does not work properly,negative
very delivery was fast and smooth,positive
delivery was delayed,negative
very disappointing experience,negative
the delivery was on time,neutral
customer service was excellent,positive
very excellent quality and design,positive
the taste was okay,neutral
extremely waste of money,negative
nothing special about it,neutral
completely dissatisfied,negative
the food tasted great,positive
the shoes were fine,neutral
honestly very satisfied with the product,positive
very beautiful packaging,positive
very one of the best purchases i made,positive
honestly delivery was fast and smooth,positive
seriously customer service was rude,negative
beautiful packaging,positive
seriously the app crashes frequently,negative
extremely poor quality and bad design,negative
the product was okay,neutral
quite fair for the price,neutral
seriously waste of money,negative
great value for money,positive
honestly very satisfied with the product,positive
poor quality and bad design,negative
completely dissatisfied,negative
very very disappointing experience,negative
easy to use and efficient,positive
one of the best purchases i made,positive
i loved the shoes,positive
delivery was delayed,negative
fairly not too bad overall,neutral
really the product is amazing,positive
not too bad overall,neutral
the experience was fantastic,positive
really one of the best purchases i made,positive
generally acceptable quality,neutral
quite it does the job,neutral
not worth buying,negative
it does the job,neutral
quite not amazing but not terrible,neutral
very excellent quality and design,positive
i hated the shoes,negative
honestly the product is amazing,positive
seriously terrible battery life,negative
the design is simple,neutral
completely dissatisfied,negative
mostly the experience was average,neutral
easy to use and efficient,positive
customer service was excellent,positive
mostly performance is decent,neutral
honestly excellent quality and design,positive
fairly performance is decent,neutral
beautiful packaging,positive
really worth every penny,positive
really absolutely loved it,positive
quite the item looks normal,neutral
generally the design is simple,neutral
the shoes were fine,neutral
the item looks normal,neutral
overall it feels standard,neutral
quite the item looks normal,neutral
the design is simple,neutral
works perfectly,positive
surprisingly the laptop performs wonderfully,positive
mostly performance is decent,neutral
i hated the shoes,negative
terrible battery life,negative
it feels standard,neutral
the product is terrible,negative
the food tasted awful,negative
mostly not too bad overall,neutral
generally nothing special about it,neutral
great value for money,positive
honestly extremely uncomfortable,negative
really waste of money,negative
not too bad overall,neutral
seriously not worth buying,negative
extremely the laptop performs wonderfully,positive
delivery was delayed,negative
extremely customer service was rude,negative
really works perfectly,positive
extremely i loved the shoes,positive
really the product is amazing,positive
overall fair for the price,neutral
the laptop is very slow,negative
it was neither good nor bad,neutral
overall the battery life is average,neutral
seriously terrible battery life,negative
really very satisfied with the product,positive
extremely the laptop performs wonderfully,positive
customer service was rude,negative
it works fine,neutral
the product is usable,neutral
very very satisfied with the product,positive
honestly does not work properly,negative
seriously very frustrating to use,negative
absolutely loved it,positive
extremely the food tasted great,positive
terrible battery life,negative
excellent quality and design,positive
surprisingly the product is amazing,positive
delivery was delayed,negative
the design is simple,neutral
very customer service was excellent,positive
the material feels cheap,negative
terrible battery life,negative
honestly the product is terrible,negative
the taste was okay,neutral
fairly performance is decent,neutral
it works fine,neutral
quite not too bad overall,neutral
very worth every penny,positive
honestly i hated the shoes,negative
surprisingly works perfectly,positive
fairly not amazing but not terrible,neutral
very satisfied with the product,positive
surprisingly i loved the shoes,positive
very the product is amazing,positive
fair for the price,neutral
one of the best purchases i made,positive
extremely the laptop is very slow,negative
very waste of money,negative
generally it works fine,neutral
it was neither good nor bad,neutral
the food tasted awful,negative
extremely the material feels cheap,negative
waste of money,negative
the material feels cheap,negative
easy to use and efficient,positive
terrible battery life,negative
the delivery was on time,neutral
it feels standard,neutral
seriously the item arrived damaged,negative
honestly the experience was fantastic,positive
seriously very frustrating to use,negative
it was neither good nor bad,neutral
i do not hate it,neutral
extremely excellent quality and design,positive
beautiful packaging,positive
mostly acceptable quality,neutral
great value for money,positive
extremely super comfortable and stylish,positive
mostly the shoes were fine,neutral
the laptop is very slow,negative
worth every penny,positive
seriously completely dissatisfied,negative
waste of money,negative
very delivery was fast and smooth,positive
overall it feels standard,neutral
generally not too bad overall,neutral
honestly excellent quality and design,positive
honestly terrible battery life,negative
worth every penny,positive
quite it does the job,neutral
very frustrating to use,negative
really waste of money,negative
overall not amazing but not terrible,neutral
fairly the shoes were fine,neutral
the shoes were fine,neutral
mostly it was neither good nor bad,neutral
fair for the price,neutral
very one of the best purchases i made,positive
honestly worth every penny,positive
extremely the product is amazing,positive
very disappointing experience,negative
honestly one of the best purchases i made,positive
completely dissatisfied,negative
quite not amazing but not terrible,neutral
the delivery was on time,neutral
very disappointing experience,negative
waste of money,negative
seriously i regret buying this,negative
the product is usable,neutral
poor quality and bad design,negative
the material feels cheap,negative
poor quality and bad design,negative
the material feels cheap,negative
great value for money,positive
overall not amazing but not terrible,neutral
the taste was okay,neutral
really the food tasted great,positive
quite i do not hate it,neutral
the design is simple,neutral
very delivery was fast and smooth,positive
very frustrating to use,negative
performance is decent,neutral
the laptop performs wonderfully,positive
the design is simple,neutral
very the food tasted awful,negative
not worth buying,negative
i hated the shoes,negative
very beautiful packaging,positive
really not worth buying,negative
great value for money,positive
mostly not too bad overall,neutral
fair for the price,neutral
very frustrating to use,negative
i loved the shoes,positive
highly recommended,positive
very very disappointing experience,negative
the item arrived damaged,negative
really the food tasted great,positive
the design is simple,neutral
the shoes were fine,neutral
overall the taste was okay,neutral
poor quality and bad design,negative
the battery life is average,neutral
the item arrived damaged,negative
quite acceptable quality,neutral
honestly i regret buying this,negative
surprisingly great value for money,positive
surprisingly the product is amazing,positive
the shoes were fine,neutral
honestly the laptop performs wonderfully,positive
i regret buying this,negative
extremely the product is amazing,positive
very satisfied with the product,positive
the delivery was on time,neutral
quite it was neither good nor bad,neutral
poor quality and bad design,negative
works perfectly,positive
poor quality and bad design,negative
does not work properly,negative
completely dissatisfied,negative
honestly terrible battery life,negative
the product is usable,neutral
overall not too bad overall,neutral
i regret buying this,negative
acceptable quality,neutral
the design is simple,neutral
really the laptop is very slow,negative
not amazing but not terrible,neutral
generally the taste was okay,neutral
quite performance is decent,neutral
really bad experience,negative
seriously customer service was rude,negative
extremely uncomfortable,negative
really one of the best purchases i made,positive
the design is simple,neutral
honestly the laptop is very slow,negative
extremely the laptop is very slow,negative
it feels standard,neutral
generally the design is simple,neutral
the laptop performs wonderfully,positive
the sound quality is excellent,positive
really delivery was delayed,negative
the taste was okay,neutral
the product is terrible,negative
mostly i do not hate it,neutral
extremely customer service was excellent,positive
really absolutely loved it,positive
i hated the shoes,negative
customer service was rude,negative
fairly acceptable quality,neutral
very terrible battery life,negative
really excellent quality and design,positive
really completely dissatisfied,negative
nothing special about it,neutral
the item arrived damaged,negative
i loved the shoes,positive
excellent quality and design,positive
customer service was rude,negative
overall performance is decent,neutral
fairly the experience was average,neutral
easy to use and efficient,positive
worth every penny,positive
very really bad experience,negative
works perfectly,positive
quite it works fine,neutral
generally the experience was average,neutral
mostly it feels standard,neutral
performance is decent,neutral
overall it feels standard,neutral
acceptable quality,neutral
generally i do not hate it,neutral
works perfectly,positive
delivery was delayed,negative
really really happy with the purchase,positive
fairly the item looks normal,neutral
mostly acceptable quality,neutral
the item looks normal,neutral
surprisingly absolutely loved it,positive
surprisingly really happy with the purchase,positive
the food tasted awful,negative
overall the battery life is average,neutral
excellent quality and design,positive
great value for money,positive
i hated the shoes,negative
extremely the laptop performs wonderfully,positive
beautiful packaging,positive
it does the job,neutral
extremely the material feels cheap,negative
quite the design is simple,neutral
the food tasted awful,negative
extremely one of the best purchases i made,positive
mostly acceptable quality,neutral
not amazing but not terrible,neutral
the food tasted great,positive
quite performance is decent,neutral
extremely works perfectly,positive
honestly worth every penny,positive
quite fair for the price,neutral
really bad experience,negative
extremely uncomfortable,negative
very really bad experience,negative
overall nothing special about it,neutral
excellent quality and design,positive
the product is usable,neutral
very disappointing experience,negative
the battery life is average,neutral
honestly highly recommended,positive
not amazing but not terrible,neutral
fairly the product was okay,neutral
mostly it does the job,neutral
delivery was fast and smooth,positive
overall it does the job,neutral
the experience was fantastic,positive
easy to use and efficient,positive
fairly it does the job,neutral
surprisingly the laptop performs wonderfully,positive
the food tasted awful,negative
the laptop performs wonderfully,positive
the product is amazing,positive
overall the design is simple,neutral
overall the delivery was on time,neutral
seriously poor quality and bad design,negative
delivery was delayed,negative
honestly the product is terrible,negative
really i loved the shoes,positive
overall nothing special about it,neutral
worth every penny,positive
overall the experience was average,neutral
excellent quality and design,positive
overall the item looks normal,neutral
customer service was rude,negative
seriously not worth buying,negative
customer service was excellent,positive
the app crashes frequently,negative
mostly the product was okay,neutral
customer service was rude,negative
does not work properly,negative
the laptop performs wonderfully,positive
fairly it was neither good nor bad,neutral
poor quality and bad design,negative
the product is terrible,negative
very very disappointing experience,negative
overall the experience was average,neutral
surprisingly works perfectly,positive
really i loved the shoes,positive
very disappointing experience,negative
very disappointing experience,negative
i do not hate it,neutral
very customer service was excellent,positive
honestly terrible battery life,negative
honestly the food tasted awful,negative
great value for money,positive
surprisingly easy to use and efficient,positive
really bad experience,negative
it works fine,neutral
very the food tasted great,positive
very the material feels cheap,negative
poor quality and bad design,negative
the delivery was on time,neutral
very frustrating to use,negative
fairly it works fine,neutral
beautiful packaging,positive
seriously not worth buying,negative
super comfortable and stylish,positive
easy to use and efficient,positive
it feels standard,neutral
generally i do not hate it,neutral
terrible battery life,negative
it feels standard,neutral
great value for money,positive
waste of money,negative
very very disappointing experience,negative
mostly the item looks normal,neutral
very absolutely loved it,positive
really i regret buying this,negative
performance is decent,neutral
the experience was fantastic,positive
generally fair for the price,neutral
really happy with the purchase,positive
quite the product is usable,neutral
the experience was fantastic,positive
really one of the best purchases i made,positive
the experience was fantastic,positive
the experience was average,neutral
really very satisfied with the product,positive
worth every penny,positive
honestly beautiful packaging,positive
extremely excellent quality and design,positive
honestly worth every penny,positive
great value for money,positive
performance is decent,neutral
customer service was excellent,positive
customer service was rude,negative
waste of money,negative
very very frustrating to use,negative
honestly beautiful packaging,positive
honestly super comfortable and stylish,positive
not too bad overall,neutral
customer service was rude,negative
customer service was excellent,positive
the product is usable,neutral
i do not hate it,neutral
the shoes were fine,neutral
the material feels cheap,negative
customer service was rude,negative
the shoes were fine,neutral
honestly the product is terrible,negative
works perfectly,positive
great value for money,positive
the item looks normal,neutral
extremely one of the best purchases i made,positive
the design is simple,neutral
fairly it feels standard,neutral
very highly recommended,positive
customer service was rude,negative
extremely the product is amazing,positive
terrible battery life,negative
very the food tasted great,positive
excellent quality and design,positive
generally nothing special about it,neutral
honestly the experience was fantastic,positive
seriously not worth buying,negative
quite the product was okay,neutral
really very frustrating to use,negative
the experience was average,neutral
honestly customer service was rude,negative
quite the design is simple,neutral
super comfortable and stylish,positive
it does the job,neutral
the shoes were fine,neutral
very the app crashes frequently,negative
excellent quality and design,positive
overall it does the job,neutral
the product is terrible,negative
the battery life is average,neutral
honestly delivery was fast and smooth,positive
generally the delivery was on time,neutral
it works fine,neutral
quite the product was okay,neutral
mostly not too bad overall,neutral
the item arrived damaged,negative
easy to use and efficient,positive
the food tasted awful,negative
very very satisfied with the product,positive
it does the job,neutral
customer service was excellent,positive
overall acceptable quality,neutral
acceptable quality,neutral
customer service was excellent,positive
extremely the material feels cheap,negative
the sound quality is excellent,positive
terrible battery life,negative
highly recommended,positive
seriously completely dissatisfied,negative
extremely customer service was rude,negative
fairly the experience was average,neutral
really the sound quality is excellent,positive
overall it was neither good nor bad,neutral
generally the shoes were fine,neutral
fairly it does the job,neutral
one of the best purchases i made,positive
it does the job,neutral
the design is simple,neutral
seriously i regret buying this,negative
really i hated the shoes,negative
customer service was rude,negative
really works perfectly,positive
quite not too bad overall,neutral
not worth buying,negative
generally it was neither good nor bad,neutral
surprisingly really happy with the purchase,positive
overall the experience was average,neutral
quite the item looks normal,neutral
very satisfied with the product,positive
extremely the experience was fantastic,positive
i loved the shoes,positive
the food tasted awful,negative
fairly i do not hate it,neutral
generally the delivery was on time,neutral
honestly customer service was excellent,positive
fairly the product is usable,neutral
the product is amazing,positive
mostly the product is usable,neutral
the delivery was on time,neutral
mostly the product was okay,neutral
fair for the price,neutral
really extremely uncomfortable,negative
the laptop is very slow,negative
very great value for money,positive
delivery was delayed,negative
fair for the price,neutral
generally it was neither good nor bad,neutral
honestly delivery was delayed,negative
honestly the product is terrible,negative
quite it works fine,neutral
extremely really happy with the purchase,positive
really the product is amazing,positive
honestly great value for money,positive
fair for the price,neutral
completely dissatisfied,negative
very delivery was delayed,negative
customer service was excellent,positive
extremely the sound quality is excellent,positive
delivery was fast and smooth,positive
the experience was average,neutral
seriously really bad experience,negative
generally i do not hate it,neutral
fairly performance is decent,neutral
delivery was delayed,negative
delivery was delayed,negative
honestly delivery was delayed,negative
not too bad overall,neutral
overall it was neither good nor bad,neutral
the shoes were fine,neutral
really happy with the purchase,positive
the design is simple,neutral
extremely terrible battery life,negative
it feels standard,neutral
i hated the shoes,negative
very satisfied with the product,positive
very excellent quality and design,positive
not worth buying,negative
the taste was okay,neutral
quite not too bad overall,neutral
honestly i loved the shoes,positive
overall it was neither good nor bad,neutral
it was neither good nor bad,neutral
the experience was fantastic,positive
surprisingly beautiful packaging,positive
delivery was delayed,negative
honestly terrible battery life,negative
very completely dissatisfied,negative
one of the best purchases i made,positive
not amazing but not terrible,neutral
absolutely loved it,positive
it works fine,neutral
poor quality and bad design,negative
one of the best purchases i made,positive
very disappointing experience,negative
the design is simple,neutral
nothing special about it,neutral
the product is terrible,negative
very waste of money,negative
really bad experience,negative
i regret buying this,negative
honestly the material feels cheap,negative
fairly the item looks normal,neutral
the product is amazing,positive
the delivery was on time,neutral
easy to use and efficient,positive
highly recommended,positive
completely dissatisfied,negative
the item looks normal,neutral
beautiful packaging,positive
completely dissatisfied,negative
honestly not worth buying,negative
really the item arrived damaged,negative
honestly terrible battery life,negative
really terrible battery life,negative
extremely customer service was excellent,positive
very disappointing experience,negative
surprisingly excellent quality and design,positive
i loved the shoes,positive
very worth every penny,positive
the product is amazing,positive
it works fine,neutral
seriously the laptop is very slow,negative
very disappointing experience,negative
the product is terrible,negative
super comfortable and stylish,positive
beautiful packaging,positive
delivery was fast and smooth,positive
really great value for money,positive
very satisfied with the product,positive
generally not too bad overall,neutral
i do not hate it,neutral
very the laptop performs wonderfully,positive
the sound quality is excellent,positive
the sound quality is excellent,positive
not worth buying,negative
i regret buying this,negative
very disappointing experience,negative
it does the job,neutral
